chatchamon@worker01:~/o-ran-e2-kpm/czmq/srsRAN_Project/build/apps/gnb$ sudo ./gnb -c gnb_zmq_3ue.yaml 
[sudo] password for chatchamon: 

The PRACH detector will not meet the performance requirements with the configuration {Format 0, ZCZ 0, SCS 1.25kHz, Rx ports 1}.
Lower PHY in executor blocking mode.

--== srsRAN gNB (commit 0b2702cca) ==--

Connecting to AMF on 10.53.1.2:38412
Available radio types: zmq.
Cell pci=1, bw=10 MHz, dl_arfcn=368500 (n3), dl_freq=1842.5 MHz, dl_ssb_arfcn=368410, ul_freq=1747.5 MHz

==== gNodeB started ===
Type <t> to view trace
t

           -----------------DL-----------------------|------------------UL--------------------
 pci rnti  cqi  ri  mcs  brate   ok  nok  (%)  dl_bs | pusch  mcs  brate   ok  nok  (%)    bsr
   1 4601   15   1   22    12k   15    2  11%      0 |  65.5   27    36k   15    0   0%      0
   1 4602   15   1   23    12k   15    2  11%      0 |  65.5   27    33k   15    0   0%      0
   1 4603   15   1   23    12k   15    2  11%      0 |  65.5   27    35k   18    0   0%      0
   1 4601   15   1    0      0    0    0   0%      0 |   n/a    0      0    0    0   0%      0
   1 4602   15   1    0      0    0    0   0%      0 |   n/a    0      0    0    0   0%      0
   1 4603   15   1    0      0    0    0   0%      0 |   n/a    0      0    0    0   0%      0
   1 4601   15   1    0      0    0    0   0%      0 |   n/a    0      0    0    0   0%      0
   1 4602   15   1    0      0    0    0   0%      0 |   n/a    0      0    0    0   0%      0
   1 4603   15   1    0      0    0    0   0%      0 |   n/a    0      0    0    0   0%      0
   1 4601   15   1    0      0    0    0   0%      0 |   n/a    0      0    0    0   0%      0
   1 4602   15   1    0      0    0    0   0%      0 |   n/a    0      0    0    0   0%      0
   1 4603   15   1    0      0    0    0   0%      0 |   n/a    0      0    0    0   0%      0
   1 4601   15   1    0      0    0    0   0%      0 |   n/a    0      0    0    0   0%      0
   1 4602   15   1    0      0    0    0   0%      0 |   n/a    0      0    0    0   0%      0
   1 4603   15   1    0      0    0    0   0%      0 |   n/a    0      0    0    0   0%      0
   1 4601   15   1    0      0    0    0   0%      0 |   n/a    0      0    0    0   0%      0
   1 4602   15   1    0      0    0    0   0%      0 |   n/a    0      0    0    0   0%      0
   1 4603   15   1    0      0    0    0   0%      0 |   n/a    0      0    0    0   0%      0
   1 4601   15   1    0      0    0    0   0%      0 |   n/a    0      0    0    0   0%      0
   1 4602   15   1    0      0    0    0   0%      0 |   n/a    0      0    0    0   0%      0
   1 4603   15   1    0      0    0    0   0%      0 |   n/a    0      0    0    0   0%      0
   1 4601   15   1    0      0    0    0   0%      0 |   n/a    0      0    0    0   0%      0
   1 4602   15   1    0      0    0    0   0%      0 |   n/a    0      0    0    0   0%      0
   1 4603   15   1    0      0    0    0   0%      0 |   n/a    0      0    0    0   0%      0
   1 4601   15   1    0      0    0    0   0%      0 |   n/a    0      0    0    0   0%      0
   1 4602   15   1    0      0    0    0   0%      0 |   n/a    0      0    0    0   0%      0
   1 4603   15   1    0      0    0    0   0%      0 |   n/a    0      0    0    0   0%      0
   1 4601   15   1    0      0    0    0   0%      0 |   n/a    0      0    0    0   0%      0
   1 4602   15   1    0      0    0    0   0%      0 |   n/a    0      0    0    0   0%      0
   1 4603   15   1    0      0    0    0   0%      0 |   n/a    0      0    0    0   0%      0
   1 4601   15   1    0      0    0    0   0%      0 |   n/a    0      0    0    0   0%      0
   1 4602   15   1    0      0    0    0   0%      0 |   n/a    0      0    0    0   0%      0
   1 4603   15   1    0      0    0    0   0%      0 |   n/a    0      0    0    0   0%      0

           -----------------DL-----------------------|------------------UL--------------------
 pci rnti  cqi  ri  mcs  brate   ok  nok  (%)  dl_bs | pusch  mcs  brate   ok  nok  (%)    bsr
   1 4601   15   1    0      0    0    0   0%      0 |   n/a    0      0    0    0   0%      0
   1 4602   15   1    0      0    0    0   0%      0 |   n/a    0      0    0    0   0%      0
   1 4603   15   1    0      0    0    0   0%      0 |   n/a    0      0    0    0   0%      0
   1 4601   15   1    0      0    0    0   0%      0 |   n/a    0      0    0    0   0%      0
   1 4602   15   1    0      0    0    0   0%      0 |   n/a    0      0    0    0   0%      0
   1 4603   15   1    0      0    0    0   0%      0 |   n/a    0      0    0    0   0%      0
   1 4601   15   1    0      0    0    0   0%      0 |   n/a    0      0    0    0   0%      0
   1 4602   15   1    0      0    0    0   0%      0 |   n/a    0      0    0    0   0%      0
   1 4603   15   1    0      0    0    0   0%      0 |   n/a    0      0    0    0   0%      0
   1 4601   15   1    0      0    0    0   0%      0 |   n/a    0      0    0    0   0%      0
   1 4602   15   1    0      0    0    0   0%      0 |   n/a    0      0    0    0   0%      0
   1 4603   15   1    0      0    0    0   0%      0 |   n/a    0      0    0    0   0%      0
   1 4601   15   1    0      0    0    0   0%      0 |   n/a    0      0    0    0   0%      0
   1 4602   15   1    0      0    0    0   0%      0 |   n/a    0      0    0    0   0%      0
   1 4603   15   1    0      0    0    0   0%      0 |   n/a    0      0    0    0   0%      0
   1 4601   15   1    0      0    0    0   0%      0 |   n/a    0      0    0    0   0%      0
   1 4602   15   1    0      0    0    0   0%      0 |   n/a    0      0    0    0   0%      0
   1 4603   15   1    0      0    0    0   0%      0 |   n/a    0      0    0    0   0%      0
   1 4601   15   1    0      0    0    0   0%      0 |   n/a    0      0    0    0   0%      0
   1 4602   15   1    0      0    0    0   0%      0 |   n/a    0      0    0    0   0%      0
   1 4603   15   1    0      0    0    0   0%      0 |   n/a    0      0    0    0   0%      0
   1 4601   15   1    0      0    0    0   0%      0 |   n/a    0      0    0    0   0%      0
   1 4602   15   1    0      0    0    0   0%      0 |   n/a    0      0    0    0   0%      0
   1 4603   15   1    0      0    0    0   0%      0 |   n/a    0      0    0    0   0%      0
   1 4601   15   1    0      0    0    0   0%      0 |   n/a    0      0    0    0   0%      0
   1 4602   15   1    0      0    0    0   0%      0 |   n/a    0      0    0    0   0%      0
   1 4603   15   1    0      0    0    0   0%      0 |   n/a    0      0    0    0   0%      0
   1 4601   15   1    0      0    0    0   0%      0 |   n/a    0      0    0    0   0%      0
   1 4602   15   1    0      0    0    0   0%      0 |   n/a    0      0    0    0   0%      0
   1 4603   15   1    0      0    0    0   0%      0 |   n/a    0      0    0    0   0%      0
   1 4601   15   1    0      0    0    0   0%      0 |   n/a    0      0    0    0   0%      0
   1 4602   15   1    0      0    0    0   0%      0 |   n/a    0      0    0    0   0%      0
   1 4603   15   1    0      0    0    0   0%      0 |   n/a    0      0    0    0   0%      0

           -----------------DL-----------------------|------------------UL--------------------
 pci rnti  cqi  ri  mcs  brate   ok  nok  (%)  dl_bs | pusch  mcs  brate   ok  nok  (%)    bsr
   1 4601   15   1    0      0    0    0   0%      0 |   n/a    0      0    0    0   0%      0
   1 4602   15   1    0      0    0    0   0%      0 |   n/a    0      0    0    0   0%      0
   1 4603   15   1    0      0    0    0   0%      0 |   n/a    0      0    0    0   0%      0
   1 4601   15   1    0      0    0    0   0%      0 |   n/a    0      0    0    0   0%      0
   1 4602   15   1    0      0    0    0   0%      0 |   n/a    0      0    0    0   0%      0
   1 4603   15   1    0      0    0    0   0%      0 |   n/a    0      0    0    0   0%      0
   1 4601   15   1    0      0    0    0   0%      0 |   n/a    0      0    0    0   0%      0
   1 4602   15   1    0      0    0    0   0%      0 |   n/a    0      0    0    0   0%      0
   1 4603   15   1    0      0    0    0   0%      0 |   n/a    0      0    0    0   0%      0
   1 4601   15   1    0      0    0    0   0%      0 |   n/a    0      0    0    0   0%      0
   1 4602   15   1    0      0    0    0   0%      0 |   n/a    0      0    0    0   0%      0
   1 4603   15   1    0      0    0    0   0%      0 |   n/a    0      0    0    0   0%      0
   1 4601   15   1    0      0    0    0   0%      0 |   n/a    0      0    0    0   0%      0
   1 4602   15   1    0      0    0    0   0%      0 |   n/a    0      0    0    0   0%      0
   1 4603   15   1    0      0    0    0   0%      0 |   n/a    0      0    0    0   0%      0
   1 4601   15   1   26   1.8k    2    0   0%      0 |  65.5   28    12k    4    0   0%      0
   1 4602   15   1    0      0    0    0   0%      0 |   n/a    0      0    0    0   0%      0
   1 4603   15   1    0      0    0    0   0%      0 |   n/a    0      0    0    0   0%      0
   1 4601   15   1   26   7.3k    8    0   0%      0 |  65.5   28    47k   17    0   0%      0
   1 4602   15   1    0      0    0    0   0%      0 |   n/a    0      0    0    0   0%      0
   1 4603   15   1    0      0    0    0   0%      0 |   n/a    0      0    0    0   0%      0
   1 4601   15   1   26   7.3k    8    0   0%      0 |  65.5   28    48k   19    0   0%      0
   1 4602   15   1    0      0    0    0   0%      0 |   n/a    0      0    0    0   0%      0
   1 4603   15   1    0      0    0    0   0%      0 |   n/a    0      0    0    0   0%      0
   1 4601   15   1   26   7.3k    8    0   0%      0 |  65.5   28    47k   18    0   0%      0
   1 4602   15   1    0      0    0    0   0%      0 |   n/a    0      0    0    0   0%      0
   1 4603   15   1    0      0    0    0   0%      0 |   n/a    0      0    0    0   0%      0
   1 4601   15   1   26   7.3k    8    0   0%      0 |  65.5   28    49k   19    0   0%      0
   1 4602   15   1    0      0    0    0   0%      0 |   n/a    0      0    0    0   0%      0
   1 4603   15   1    0      0    0    0   0%      0 |   n/a    0      0    0    0   0%      0
   1 4601   15   1   26   7.3k    8    0   0%      0 |  65.5   28    47k   18    0   0%      0
   1 4602   15   1    0      0    0    0   0%      0 |   n/a    0      0    0    0   0%      0
   1 4603   15   1    0      0    0    0   0%      0 |   n/a    0      0    0    0   0%      0

           -----------------DL-----------------------|------------------UL--------------------
 pci rnti  cqi  ri  mcs  brate   ok  nok  (%)  dl_bs | pusch  mcs  brate   ok  nok  (%)    bsr
   1 4601   15   1   26   7.3k    8    0   0%      0 |  65.5   28    47k   18    0   0%      0
   1 4602   15   1    0      0    0    0   0%      0 |   n/a    0      0    0    0   0%      0
   1 4603   15   1    0      0    0    0   0%      0 |   n/a    0      0    0    0   0%      0
   1 4601   15   1   26   7.3k    8    0   0%      0 |  65.5   28    47k   19    0   0%      0
   1 4602   15   1    0      0    0    0   0%      0 |   n/a    0      0    0    0   0%      0
   1 4603   15   1    0      0    0    0   0%      0 |   n/a    0      0    0    0   0%      0
   1 4601   15   1   26   7.3k    8    0   0%      0 |  65.5   28    47k   18    0   0%      0
   1 4602   15   1    0      0    0    0   0%      0 |   n/a    0      0    0    0   0%      0
   1 4603   15   1    0      0    0    0   0%      0 |   n/a    0      0    0    0   0%      0
   1 4601   15   1   26   7.3k    8    0   0%      0 |  65.5   28    49k   19    0   0%      0
   1 4602   15   1    0      0    0    0   0%      0 |   n/a    0      0    0    0   0%      0
   1 4603   15   1    0      0    0    0   0%      0 |   n/a    0      0    0    0   0%      0
   1 4601   15   1   26   7.3k    8    0   0%      0 |  65.5   28    47k   19    0   0%      0
   1 4602   15   1    0      0    0    0   0%      0 |   n/a    0      0    0    0   0%      0
   1 4603   15   1    0      0    0    0   0%      0 |   n/a    0      0    0    0   0%      0
   1 4601   15   1   26   7.3k    8    0   0%      0 |  65.5   28    48k   19    0   0%      0
   1 4602   15   1   27   5.7k    6    0   0%      0 |  65.5   28    34k   13    0   0%      0
   1 4603   15   1    0      0    0    0   0%      0 |   n/a    0      0    0    0   0%      0
   1 4601   15   1   26   7.3k    8    0   0%      0 |  65.5   28    47k   20    0   0%      0
   1 4602   15   1   27   7.6k    8    0   0%      0 |  65.5   28    47k   18    0   0%      0
   1 4603   15   1    0      0    0    0   0%      0 |   n/a    0      0    0    0   0%      0
   1 4601   15   1   26   7.3k    8    0   0%      0 |  65.5   28    50k   21    0   0%      0
   1 4602   15   1   27   7.6k    8    0   0%      0 |  65.5   28    47k   17    0   0%      0
   1 4603   15   1    0      0    0    0   0%      0 |   n/a    0      0    0    0   0%      0
   1 4601   15   1   26   7.3k    8    0   0%      0 |  65.5   28    49k   20    0   0%      0
   1 4602   15   1   27   7.7k    8    0   0%      0 |  65.5   28    47k   18    0   0%      0
   1 4603   15   1    0      0    0    0   0%      0 |   n/a    0      0    0    0   0%      0
   1 4601   15   1   26   7.3k    8    0   0%      0 |  65.5   28    49k   20    0   0%      0
   1 4602   15   1   27   7.6k    8    0   0%      0 |  65.5   28    45k   16    0   0%      0
   1 4603   15   1    0      0    0    0   0%      0 |   n/a    0      0    0    0   0%      0
   1 4601   15   1   26   7.3k    8    0   0%      0 |  65.5   28    40k   16    0   0%      0
   1 4602   15   1   27   7.7k    8    0   0%      0 |  65.5   28    46k   16    0   0%      0
   1 4603   15   1    0      0    0    0   0%      0 |   n/a    0      0    0    0   0%      0

           -----------------DL-----------------------|------------------UL--------------------
 pci rnti  cqi  ri  mcs  brate   ok  nok  (%)  dl_bs | pusch  mcs  brate   ok  nok  (%)    bsr
   1 4601   15   1   26   7.3k    8    0   0%      0 |  65.5   28    47k   17    0   0%      0
   1 4602   15   1   27   7.6k    8    0   0%      0 |  65.5   28    47k   16    0   0%      0
   1 4603   15   1    0      0    0    0   0%      0 |   n/a    0      0    0    0   0%      0
   1 4601   15   1   26   7.3k    8    0   0%      0 |  65.5   28    48k   18    0   0%      0
   1 4602   15   1   27   7.7k    8    0   0%      0 |  65.5   28    47k   17    0   0%      0
   1 4603   15   1    0      0    0    0   0%      0 |   n/a    0      0    0    0   0%      0
   1 4601   15   1   26   7.3k    8    0   0%      0 |  65.5   28    48k   18    0   0%      0
   1 4602   15   1   27   7.6k    8    0   0%      0 |  65.5   28    47k   18    0   0%      0
   1 4603   15   1   27   3.9k    4    0   0%      0 |  65.5   28    23k    9    0   0%      0
   1 4601   15   1   26   7.3k    8    0   0%      0 |  65.5   28    48k   19    0   0%      0
   1 4602   15   1   27   7.7k    8    0   0%      0 |  65.5   28    47k   16    0   0%      0
   1 4603   15   1   27   7.7k    8    0   0%      0 |  65.5   28    46k   17    0   0%      0
   1 4601   15   1   26   7.3k    8    0   0%      0 |  65.5   28    47k   19    0   0%      0
   1 4602   15   1   27   7.6k    8    0   0%      0 |  65.5   28    46k   16    0   0%      0
   1 4603   15   1   27   7.7k    8    0   0%      0 |  65.5   28    47k   18    0   0%      0
   1 4601   15   1   26   7.3k    8    0   0%      0 |  65.5   28    47k   19    0   0%      0
   1 4602   15   1   27   7.6k    8    0   0%      0 |  65.5   28    45k   17    0   0%      0
   1 4603   15   1   27   7.7k    8    0   0%      0 |  65.5   28    48k   19    0   0%      0
   1 4601   15   1   26   7.3k    8    0   0%      0 |  65.5   28    49k   19    0   0%      0
   1 4602   15   1   27   7.6k    8    0   0%      0 |  65.5   28    47k   19    0   0%      0
   1 4603   15   1   27   7.7k    8    0   0%      0 |  65.5   28    46k   17    0   0%      0
   1 4601   15   1   26   7.3k    8    0   0%      0 |  65.5   28    47k   18    0   0%      0
   1 4602   15   1   27   7.6k    8    0   0%      0 |  65.5   28    45k   16    0   0%      0
   1 4603   15   1   27   7.7k    8    0   0%      0 |  65.5   28    45k   16    0   0%      0
   1 4601   15   1   26   7.3k    8    0   0%      0 |  65.5   28    47k   20    0   0%      0
   1 4602   15   1   27   7.6k    8    0   0%      0 |  65.5   28    46k   17    0   0%      0
   1 4603   15   1   27   7.7k    8    0   0%      0 |  65.5   28    45k   20    0   0%      0
   1 4601   15   1   26   7.5k    8    0   0%      0 |  65.5   28    44k   17    0   0%      0
   1 4602   15   1   27   7.6k    8    0   0%      0 |  65.5   28    46k   16    0   0%      0
   1 4603   15   1   27   7.7k    8    0   0%      0 |  65.5   28    48k   18    0   0%      0
   1 4601   15   1   26   7.3k    8    0   0%      0 |  65.5   28    47k   18    0   0%      0
   1 4602   15   1   27   7.6k    8    0   0%      0 |  65.5   28    47k   17    0   0%      0
   1 4603   15   1   27   7.7k    8    0   0%      0 |  65.5   28    47k   17    0   0%      0

           -----------------DL-----------------------|------------------UL--------------------
 pci rnti  cqi  ri  mcs  brate   ok  nok  (%)  dl_bs | pusch  mcs  brate   ok  nok  (%)    bsr
   1 4601   15   1   26   7.3k    8    0   0%      0 |  65.5   28    48k   18    0   0%      0
   1 4602   15   1   27   7.7k    8    0   0%      0 |  65.5   28    47k   17    0   0%      0
   1 4603   15   1   27   7.7k    8    0   0%      0 |  65.5   28    43k   18    0   0%      0
   1 4601   15   1   26   7.3k    8    0   0%      0 |  65.5   28    47k   18    0   0%      0
   1 4602   15   1   27   7.7k    8    0   0%      0 |  65.5   28    47k   16    0   0%      0
   1 4603   15   1   27   7.7k    8    0   0%      0 |  65.5   28    45k   18    0   0%      0
   1 4601   15   1   26   7.3k    8    0   0%      0 |  65.5   28    47k   18    0   0%      0
   1 4602   15   1   27   7.6k    8    0   0%      0 |  65.5   28    47k   17    0   0%      0
   1 4603   15   1   27   7.6k    8    0   0%      0 |  65.5   28    39k   17    0   0%      0
   1 4601   15   1   26   7.3k    8    0   0%      0 |  65.5   28    48k   19    0   0%      0
   1 4602   15   1   27   7.6k    8    0   0%      0 |  65.5   28    47k   18    0   0%      0
   1 4603   15   1   27   7.7k    8    0   0%      0 |  65.5   28    47k   17    0   0%      0
   1 4601   15   1   26   7.3k    8    0   0%      0 |  65.5   28    47k   18    0   0%      0
   1 4602   15   1   27   7.6k    8    0   0%      0 |  65.5   28    46k   17    0   0%      0
   1 4603   15   1   27   8.9k    9    0   0%      0 |  65.5   28    47k   19    0   0%      0
   1 4601   15   1   26   7.3k    8    0   0%      0 |  65.5   28    46k   17    0   0%      0
   1 4602   15   1   27   7.6k    8    0   0%      0 |  65.5   28    47k   17    0   0%      0
   1 4603   15   1   27   7.7k    8    0   0%      0 |  65.5   28    47k   18    0   0%      0
   1 4601   15   1   26   7.3k    8    0   0%      0 |  65.5   28    47k   19    0   0%      0
   1 4602   15   1   27   7.8k    8    0   0%      0 |  65.5   28    47k   19    0   0%      0
   1 4603   15   1   27   8.9k    9    0   0%      0 |  65.5   28    47k   20    0   0%      0
   1 4601   15   1   26   5.5k    6    0   0%      0 |  65.5   28    42k   18    0   0%      0
   1 4602   15   1   27   7.9k    8    0   0%      0 |  65.5   28    47k   18    0   0%      0
   1 4603   15   1   27   7.7k    8    0   0%      0 |  65.5   28    47k   18    0   0%      0
   1 4601   15   1   26   7.3k    8    0   0%      0 |  65.5   28    47k   18    0   0%      0
   1 4602   15   1   27   7.9k    8    0   0%      0 |  65.5   28    46k   17    0   0%      0
   1 4603   15   1   27   7.7k    8    0   0%      0 |  65.5   28    44k   18    0   0%      0
   1 4601   15   1   26   7.3k    8    0   0%      0 |  65.5   28    47k   18    0   0%      0
   1 4602   15   1   27   7.9k    8    0   0%      0 |  65.5   28    46k   19    0   0%      0
   1 4603   15   1   27   7.7k    8    0   0%      0 |  65.5   28    43k   17    0   0%      0
   1 4601   15   1   26   7.3k    8    0   0%      0 |  65.5   28    47k   17    0   0%      0
   1 4602   15   1   28   8.0k    8    0   0%      0 |  65.5   28    46k   16    0   0%      0
   1 4603   15   1   27   8.9k    9    0   0%      0 |  65.5   28    42k   17    0   0%      0

           -----------------DL-----------------------|------------------UL--------------------
 pci rnti  cqi  ri  mcs  brate   ok  nok  (%)  dl_bs | pusch  mcs  brate   ok  nok  (%)    bsr
   1 4601   15   1   26   7.3k    8    0   0%      0 |  65.5   28    47k   19    0   0%      0
   1 4602   15   1   27   7.9k    8    0   0%      0 |  65.5   28    46k   17    0   0%      0
   1 4603   15   1   27   7.7k    8    0   0%      0 |  65.5   28    49k   19    0   0%      0
   1 4601   15   1   26   7.3k    8    0   0%      0 |  65.5   28    48k   18    0   0%      0
   1 4602   15   1   27   7.9k    8    0   0%      0 |  65.5   28    47k   17    0   0%      0
   1 4603   15   1   27   7.7k    8    0   0%      0 |  65.5   28    48k   18    0   0%      0
   1 4601   15   1   26   7.3k    8    0   0%      0 |  65.5   28    47k   18    0   0%      0
   1 4602   15   1   27   7.9k    8    0   0%      0 |  65.5   28    47k   18    0   0%      0
   1 4603   15   1   27   7.7k    8    0   0%      0 |  65.5   28    45k   16    0   0%      0
   1 4601   15   1   26   7.3k    8    0   0%      0 |  65.5   28    47k   18    0   0%      0
   1 4602   15   1   27   7.9k    8    0   0%      0 |  65.5   28    47k   18    0   0%      0
   1 4603   15   1   27   9.1k    9    0   0%      0 |  65.5   28    47k   17    0   0%      0
   1 4601   15   1   26   7.3k    8    0   0%      0 |  65.5   28    45k   17    0   0%      0
   1 4602   15   1   27   7.9k    8    0   0%      0 |  65.5   28    46k   17    0   0%      0
   1 4603   15   1   28   8.0k    8    0   0%      0 |  65.5   28    49k   20    0   0%      0
   1 4601   15   1   26   7.3k    8    0   0%      0 |  65.5   28    46k   17    0   0%      0
   1 4602   15   1   27   7.9k    8    0   0%      0 |  65.5   28    47k   16    0   0%      0
   1 4603   15   1   28   8.0k    8    0   0%      0 |  65.5   28    48k   18    0   0%      0
   1 4601   15   1   26   7.3k    8    0   0%      0 |  65.5   28    46k   17    0   0%      0
   1 4602   15   1   27   7.9k    8    0   0%      0 |  65.5   28    47k   16    0   0%      0
   1 4603   15   1   28   8.0k    8    0   0%      0 |  65.5   28    47k   17    0   0%      0

